0.00000000e+00 3.50000000e+00 1.20000000e+01 5.87075694e-04 3.78502320e+00 3.78502320e+00 1.64328715e+00 1.77489776e-01 1.31108391e+06 nan nan nan nan
1.00000000e+00 3.50000000e+00 1.20000000e+01 5.87075694e-04 3.78502320e+00 3.78502320e+00 1.64328715e+00 1.77489776e-01 1.31108391e+06 nan nan nan nan
2.00000000e+00 3.50000000e+00 1.20000000e+01 5.87075694e-04 3.78502320e+00 3.78502320e+00 1.64328715e+00 1.77489776e-01 1.31108391e+06 nan nan nan nan
3.00000000e+00 3.50000000e+00 1.20000000e+01 5.87075694e-04 3.78502320e+00 3.78502320e+00 1.64328715e+00 1.77489776e-01 1.31108391e+06 nan nan nan nan
4.00000000e+00 3.50000000e+00 1.20000000e+01 5.87075694e-04 3.78502320e+00 3.78502320e+00 1.64328715e+00 1.77489776e-01 1.31108391e+06 nan nan nan nan
5.00000000e+00 3.50000000e+00 1.20000000e+01 5.87075694e-04 3.78502320e+00 3.78502320e+00 1.64328715e+00 1.77489776e-01 1.31108391e+06 nan nan nan nan
6.00000000e+00 3.50000000e+00 1.20000000e+01 5.87075694e-04 3.78502320e+00 3.78502320e+00 1.64328715e+00 1.77489776e-01 1.31108391e+06 nan nan nan nan
7.00000000e+00 3.50000000e+00 1.20000000e+01 5.87075694e-04 3.78502320e+00 3.78502320e+00 1.64328715e+00 1.77489776e-01 1.31108391e+06 nan nan nan nan
8.00000000e+00 3.50000000e+00 1.20000000e+01 5.87075694e-04 3.78502320e+00 3.78502320e+00 1.64328715e+00 1.77489776e-01 1.31108391e+06 nan nan nan nan
9.00000000e+00 3.50000000e+00 1.20000000e+01 5.87075694e-04 3.78502320e+00 3.78502320e+00 1.64328715e+00 1.77489776e-01 1.31108391e+06 nan nan nan nan
1.00000000e+01 3.50000000e+00 1.20000000e+01 5.87075694e-04 3.78502320e+00 3.78502320e+00 1.64328715e+00 1.77489776e-01 1.31108391e+06 nan nan nan nan
1.10000000e+01 3.50000000e+00 1.20000000e+01 5.87075694e-04 3.78502320e+00 3.78502320e+00 1.64328715e+00 1.77489776e-01 1.31108391e+06 nan nan nan nan
1.20000000e+01 3.50000000e+00 1.20000000e+01 5.87075694e-04 3.78502320e+00 3.78502320e+00 1.64328715e+00 1.77489776e-01 1.31108391e+06 nan nan nan nan
1.30000000e+01 3.50000000e+00 1.20000000e+01 5.87075694e-04 3.78502320e+00 3.78502320e+00 1.64328715e+00 1.77489776e-01 1.31108391e+06 nan nan nan nan
1.40000000e+01 3.50000000e+00 1.20000000e+01 5.87075694e-04 3.78502320e+00 3.78502320e+00 1.64328715e+00 1.77489776e-01 1.31108391e+06 nan nan nan nan
1.50000000e+01 3.50000000e+00 1.20000000e+01 5.87075694e-04 3.78502320e+00 3.78502320e+00 1.64328715e+00 1.77489776e-01 1.31108391e+06 nan nan nan nan
1.60000000e+01 3.50000000e+00 1.20000000e+01 5.87075694e-04 3.78502320e+00 3.78502320e+00 1.64328715e+00 1.77489776e-01 1.31108391e+06 nan nan nan nan
1.70000000e+01 3.50000000e+00 1.20000000e+01 5.87075694e-04 3.78502320e+00 3.78502320e+00 1.64328715e+00 1.77489776e-01 1.31108391e+06 nan nan nan nan
1.80000000e+01 3.50000000e+00 1.20000000e+01 5.87075694e-04 3.78502320e+00 3.78502320e+00 1.64328715e+00 1.77489776e-01 1.31108391e+06 nan nan nan nan
1.90000000e+01 3.50000000e+00 1.20000000e+01 5.87075694e-04 3.78502320e+00 3.78502320e+00 1.64328715e+00 1.77489776e-01 1.31108391e+06 nan nan nan nan
2.00000000e+01 3.50000000e+00 1.20000000e+01 5.87075694e-04 3.78502320e+00 3.78502320e+00 1.64328715e+00 1.77489776e-01 1.31108391e+06 nan nan nan nan
2.10000000e+01 3.50000000e+00 1.20000000e+01 5.87075694e-04 3.78502320e+00 3.78502320e+00 1.64328715e+00 1.77489776e-01 1.31108391e+06 nan nan nan nan
2.20000000e+01 3.50000000e+00 1.20000000e+01 5.87075694e-04 3.78502320e+00 3.78502320e+00 1.64328715e+00 1.77489776e-01 1.31108391e+06 nan nan nan nan
2.30000000e+01 3.50000000e+00 1.20000000e+01 5.87075694e-04 3.78502320e+00 3.78502320e+00 1.64328715e+00 1.77489776e-01 1.31108391e+06 nan nan nan nan
2.40000000e+01 3.50000000e+00 1.20000000e+01 5.87075694e-04 3.78502320e+00 3.78502320e+00 1.64328715e+00 1.77489776e-01 1.31108391e+06 nan nan nan nan
2.50000000e+01 3.50000000e+00 1.20000000e+01 5.87075694e-04 3.78502320e+00 3.78502320e+00 1.64328715e+00 1.77489776e-01 1.31108391e+06 nan nan nan nan
2.60000000e+01 3.50000000e+00 1.20000000e+01 5.87075694e-04 3.78502320e+00 3.78502320e+00 1.64328715e+00 1.77489776e-01 1.31108391e+06 nan nan nan nan
2.70000000e+01 3.50000000e+00 1.20000000e+01 5.87075694e-04 3.78502320e+00 3.78502320e+00 1.64328715e+00 1.77489776e-01 1.31108391e+06 nan nan nan nan
2.80000000e+01 3.50000000e+00 1.20000000e+01 5.87075694e-04 3.78502320e+00 3.78502320e+00 1.64328715e+00 1.77489776e-01 1.31108391e+06 nan nan nan nan
2.90000000e+01 3.50000000e+00 1.20000000e+01 5.87075694e-04 3.78502320e+00 3.78502320e+00 1.64328715e+00 1.77489776e-01 1.31108391e+06 nan nan nan nan
3.00000000e+01 3.50000000e+00 1.20000000e+01 5.87075694e-04 3.78502320e+00 3.78502320e+00 1.64328715e+00 1.77489776e-01 1.31108391e+06 nan nan nan nan
3.10000000e+01 3.50000000e+00 1.20000000e+01 5.87075694e-04 3.78502320e+00 3.78502320e+00 1.64328715e+00 1.77489776e-01 1.31108391e+06 nan nan nan nan
3.20000000e+01 3.50000000e+00 1.20000000e+01 5.87075694e-04 3.78502320e+00 3.78502320e+00 1.64328715e+00 1.77489776e-01 1.31108391e+06 nan nan nan nan
3.30000000e+01 3.50000000e+00 1.20000000e+01 5.87075694e-04 3.78502320e+00 3.78502320e+00 1.64328715e+00 1.77489776e-01 1.31108391e+06 nan nan nan nan
3.40000000e+01 3.50000000e+00 1.20000000e+01 5.87075694e-04 3.78502320e+00 3.78502320e+00 1.64328715e+00 1.77489776e-01 1.31108391e+06 nan nan nan nan
3.50000000e+01 3.50000000e+00 1.20000000e+01 5.87075694e-04 3.78502320e+00 3.78502320e+00 1.64328715e+00 1.77489776e-01 1.31108391e+06 nan nan nan nan
3.60000000e+01 3.50000000e+00 1.20000000e+01 5.87075694e-04 3.78502320e+00 3.78502320e+00 1.64328715e+00 1.77489776e-01 1.31108391e+06 nan nan nan nan
3.70000000e+01 3.50000000e+00 1.20000000e+01 5.87075694e-04 3.78502320e+00 3.78502320e+00 1.64328715e+00 1.77489776e-01 1.31108391e+06 nan nan nan nan
3.80000000e+01 3.50000000e+00 1.20000000e+01 5.87075694e-04 3.78502320e+00 3.78502320e+00 1.64328715e+00 1.77489776e-01 1.31108391e+06 nan nan nan nan
3.90000000e+01 3.50000000e+00 1.20000000e+01 5.87075694e-04 3.78502320e+00 3.78502320e+00 1.64328715e+00 1.77489776e-01 1.31108391e+06 nan nan nan nan
4.00000000e+01 3.50000000e+00 1.20000000e+01 5.87075694e-04 3.78502320e+00 3.78502320e+00 1.64328715e+00 1.77489776e-01 1.31108391e+06 nan nan nan nan
4.10000000e+01 3.50000000e+00 1.20000000e+01 5.87075694e-04 3.78502320e+00 3.78502320e+00 1.64328715e+00 1.77489776e-01 1.31108391e+06 nan nan nan nan
4.20000000e+01 3.50000000e+00 1.20000000e+01 5.87075694e-04 3.78502320e+00 3.78502320e+00 1.64328715e+00 1.77489776e-01 1.31108391e+06 nan nan nan nan
4.30000000e+01 3.50000000e+00 1.20000000e+01 5.87075694e-04 3.78502320e+00 3.78502320e+00 1.64328715e+00 1.77489776e-01 1.31108391e+06 nan nan nan nan
4.40000000e+01 3.50000000e+00 1.20000000e+01 5.87075694e-04 3.78502320e+00 3.78502320e+00 1.64328715e+00 1.77489776e-01 1.31108391e+06 nan nan nan nan
4.50000000e+01 3.50000000e+00 1.20000000e+01 5.87075694e-04 3.78502320e+00 3.78502320e+00 1.64328715e+00 1.77489776e-01 1.31108391e+06 nan nan nan nan
4.60000000e+01 3.50000000e+00 1.20000000e+01 5.87075694e-04 3.78502320e+00 3.78502320e+00 1.64328715e+00 1.77489776e-01 1.31108391e+06 nan nan nan nan
4.70000000e+01 3.50000000e+00 1.20000000e+01 5.87075694e-04 3.78502320e+00 3.78502320e+00 1.64328715e+00 1.77489776e-01 1.31108391e+06 nan nan nan nan
4.80000000e+01 3.50000000e+00 1.20000000e+01 5.87075694e-04 3.78502320e+00 3.78502320e+00 1.64328715e+00 1.77489776e-01 1.31108391e+06 nan nan nan nan
4.90000000e+01 3.50000000e+00 1.20000000e+01 5.87075694e-04 3.78502320e+00 3.78502320e+00 1.64328715e+00 1.77489776e-01 1.31108391e+06 nan nan nan nan
5.00000000e+01 3.50000000e+00 1.20000000e+01 5.87075694e-04 3.78502320e+00 3.78502320e+00 1.64328715e+00 1.77489776e-01 1.31108391e+06 nan nan nan nan
5.10000000e+01 3.50000000e+00 1.20000000e+01 5.87075694e-04 3.78502320e+00 3.78502320e+00 1.64328715e+00 1.77489776e-01 1.31108391e+06 nan nan nan nan
5.20000000e+01 3.50000000e+00 1.20000000e+01 5.87075694e-04 3.78502320e+00 3.78502320e+00 1.64328715e+00 1.77489776e-01 1.31108391e+06 nan nan nan nan
5.30000000e+01 3.50000000e+00 1.20000000e+01 5.87075694e-04 3.78502320e+00 3.78502320e+00 1.64328715e+00 1.77489776e-01 1.31108391e+06 nan nan nan nan
5.40000000e+01 3.50000000e+00 1.20000000e+01 5.87075694e-04 3.78502320e+00 3.78502320e+00 1.64328715e+00 1.77489776e-01 1.31108391e+06 nan nan nan nan
5.50000000e+01 3.50000000e+00 1.20000000e+01 5.87075694e-04 3.78502320e+00 3.78502320e+00 1.64328715e+00 1.77489776e-01 1.31108391e+06 nan nan nan nan
5.60000000e+01 3.50000000e+00 1.20000000e+01 5.87075694e-04 3.78502320e+00 3.78502320e+00 1.64328715e+00 1.77489776e-01 1.31108391e+06 nan nan nan nan
5.70000000e+01 3.50000000e+00 1.20000000e+01 5.87075694e-04 3.78502320e+00 3.78502320e+00 1.64328715e+00 1.77489776e-01 1.31108391e+06 nan nan nan nan
5.80000000e+01 3.50000000e+00 1.20000000e+01 5.87075694e-04 3.78502320e+00 3.78502320e+00 1.64328715e+00 1.77489776e-01 1.31108391e+06 nan nan nan nan
5.90000000e+01 3.50000000e+00 1.20000000e+01 5.87075694e-04 3.78502320e+00 3.78502320e+00 1.64328715e+00 1.77489776e-01 1.31108391e+06 nan nan nan nan
6.00000000e+01 3.50000000e+00 1.20000000e+01 5.87075694e-04 3.78502320e+00 3.78502320e+00 1.64328715e+00 1.77489776e-01 1.31108391e+06 nan nan nan nan
6.10000000e+01 3.50000000e+00 1.20000000e+01 5.87075694e-04 3.78502320e+00 3.78502320e+00 1.64328715e+00 1.77489776e-01 1.31108391e+06 nan nan nan nan
6.20000000e+01 3.50000000e+00 1.20000000e+01 5.87075694e-04 3.78502320e+00 3.78502320e+00 1.64328715e+00 1.77489776e-01 1.31108391e+06 nan nan nan nan
6.30000000e+01 3.50000000e+00 1.20000000e+01 5.87075694e-04 3.78502320e+00 3.78502320e+00 1.64328715e+00 1.77489776e-01 1.31108391e+06 nan nan nan nan
6.40000000e+01 3.50000000e+00 1.20000000e+01 5.87075694e-04 3.78502320e+00 3.78502320e+00 1.64328715e+00 1.77489776e-01 1.31108391e+06 nan nan nan nan
6.50000000e+01 3.50000000e+00 1.20000000e+01 5.87075694e-04 3.78502320e+00 3.78502320e+00 1.64328715e+00 1.77489776e-01 1.31108391e+06 nan nan nan nan
6.60000000e+01 3.50000000e+00 1.20000000e+01 5.87075694e-04 3.78502320e+00 3.78502320e+00 1.64328715e+00 1.77489776e-01 1.31108391e+06 nan nan nan nan
6.70000000e+01 3.50000000e+00 1.20000000e+01 5.87075694e-04 3.78502320e+00 3.78502320e+00 1.64328715e+00 1.77489776e-01 1.31108391e+06 nan nan nan nan
6.80000000e+01 3.50000000e+00 1.20000000e+01 5.87075694e-04 3.78502320e+00 3.78502320e+00 1.64328715e+00 1.77489776e-01 1.31108391e+06 nan nan nan nan
6.90000000e+01 3.50000000e+00 1.20000000e+01 5.87075694e-04 3.78502320e+00 3.78502320e+00 1.64328715e+00 1.77489776e-01 1.31108391e+06 nan nan nan nan
7.00000000e+01 3.50000000e+00 1.20000000e+01 5.87075694e-04 3.78502320e+00 3.78502320e+00 1.64328715e+00 1.77489776e-01 1.31108391e+06 nan nan nan nan
7.10000000e+01 3.50000000e+00 1.20000000e+01 5.87075694e-04 3.78502320e+00 3.78502320e+00 1.64328715e+00 1.77489776e-01 1.31108391e+06 nan nan nan nan
7.20000000e+01 3.50000000e+00 1.20000000e+01 5.87075694e-04 3.78502320e+00 3.78502320e+00 1.64328715e+00 1.77489776e-01 1.31108391e+06 nan nan nan nan
7.30000000e+01 3.50000000e+00 1.20000000e+01 5.87075694e-04 3.78502320e+00 3.78502320e+00 1.64328715e+00 1.77489776e-01 1.31108391e+06 nan nan nan nan
7.40000000e+01 3.50000000e+00 1.20000000e+01 5.87075694e-04 3.78502320e+00 3.78502320e+00 1.64328715e+00 1.77489776e-01 1.31108391e+06 nan nan nan nan
7.50000000e+01 3.50000000e+00 1.20000000e+01 5.87075694e-04 3.78502320e+00 3.78502320e+00 1.64328715e+00 1.77489776e-01 1.31108391e+06 nan nan nan nan
7.60000000e+01 3.50000000e+00 1.20000000e+01 5.87075694e-04 3.78502320e+00 3.78502320e+00 1.64328715e+00 1.77489776e-01 1.31108391e+06 nan nan nan nan
7.70000000e+01 3.50000000e+00 1.20000000e+01 5.87075694e-04 3.78502320e+00 3.78502320e+00 1.64328715e+00 1.77489776e-01 1.31108391e+06 nan nan nan nan
7.80000000e+01 3.50000000e+00 1.20000000e+01 5.87075694e-04 3.78502320e+00 3.78502320e+00 1.64328715e+00 1.77489776e-01 1.31108391e+06 nan nan nan nan
7.90000000e+01 3.50000000e+00 1.20000000e+01 5.87075694e-04 3.78502320e+00 3.78502320e+00 1.64328715e+00 1.77489776e-01 1.31108391e+06 nan nan nan nan
8.00000000e+01 3.50000000e+00 1.20000000e+01 5.87075694e-04 3.78502320e+00 3.78502320e+00 1.64328715e+00 1.77489776e-01 1.31108391e+06 nan nan nan nan
8.10000000e+01 3.50000000e+00 1.20000000e+01 5.87075694e-04 3.78502320e+00 3.78502320e+00 1.64328715e+00 1.77489776e-01 1.31108391e+06 nan nan nan nan
8.20000000e+01 3.50000000e+00 1.20000000e+01 5.87075694e-04 3.78502320e+00 3.78502320e+00 1.64328715e+00 1.77489776e-01 1.31108391e+06 nan nan nan nan
8.30000000e+01 3.50000000e+00 1.20000000e+01 5.87075694e-04 3.78502320e+00 3.78502320e+00 1.64328715e+00 1.77489776e-01 1.31108391e+06 nan nan nan nan
8.40000000e+01 3.50000000e+00 1.20000000e+01 5.87075694e-04 3.78502320e+00 3.78502320e+00 1.64328715e+00 1.77489776e-01 1.31108391e+06 nan nan nan nan
8.50000000e+01 3.50000000e+00 1.20000000e+01 5.87075694e-04 3.78502320e+00 3.78502320e+00 1.64328715e+00 1.77489776e-01 1.31108391e+06 nan nan nan nan
8.60000000e+01 3.50000000e+00 1.20000000e+01 5.87075694e-04 3.78502320e+00 3.78502320e+00 1.64328715e+00 1.77489776e-01 1.31108391e+06 nan nan nan nan
8.70000000e+01 3.50000000e+00 1.20000000e+01 5.87075694e-04 3.78502320e+00 3.78502320e+00 1.64328715e+00 1.77489776e-01 1.31108391e+06 nan nan nan nan
8.80000000e+01 3.50000000e+00 1.20000000e+01 5.87075694e-04 3.78502320e+00 3.78502320e+00 1.64328715e+00 1.77489776e-01 1.31108391e+06 nan nan nan nan
8.90000000e+01 3.50000000e+00 1.20000000e+01 5.87075694e-04 3.78502320e+00 3.78502320e+00 1.64328715e+00 1.77489776e-01 1.31108391e+06 nan nan nan nan
9.00000000e+01 3.50000000e+00 1.20000000e+01 5.87075694e-04 3.78502320e+00 3.78502320e+00 1.64328715e+00 1.77489776e-01 1.31108391e+06 nan nan nan nan
9.10000000e+01 3.50000000e+00 1.20000000e+01 5.87075694e-04 3.78502320e+00 3.78502320e+00 1.64328715e+00 1.77489776e-01 1.31108391e+06 nan nan nan nan
9.20000000e+01 3.50000000e+00 1.20000000e+01 5.87075694e-04 3.78502320e+00 3.78502320e+00 1.64328715e+00 1.77489776e-01 1.31108391e+06 nan nan nan nan
9.30000000e+01 3.50000000e+00 1.20000000e+01 5.87075694e-04 3.78502320e+00 3.78502320e+00 1.64328715e+00 1.77489776e-01 1.31108391e+06 nan nan nan nan
9.40000000e+01 3.50000000e+00 1.20000000e+01 5.87075694e-04 3.78502320e+00 3.78502320e+00 1.64328715e+00 1.77489776e-01 1.31108391e+06 nan nan nan nan
9.50000000e+01 3.50000000e+00 1.20000000e+01 5.87075694e-04 3.78502320e+00 3.78502320e+00 1.64328715e+00 1.77489776e-01 1.31108391e+06 nan nan nan nan
9.60000000e+01 3.50000000e+00 1.20000000e+01 5.87075694e-04 3.78502320e+00 3.78502320e+00 1.64328715e+00 1.77489776e-01 1.31108391e+06 nan nan nan nan
9.70000000e+01 3.50000000e+00 1.20000000e+01 5.87075694e-04 3.78502320e+00 3.78502320e+00 1.64328715e+00 1.77489776e-01 1.31108391e+06 nan nan nan nan
9.80000000e+01 3.50000000e+00 1.20000000e+01 5.87075694e-04 3.78502320e+00 3.78502320e+00 1.64328715e+00 1.77489776e-01 1.31108391e+06 nan nan nan nan
9.90000000e+01 3.50000000e+00 1.20000000e+01 5.87075694e-04 3.78502320e+00 3.78502320e+00 1.64328715e+00 1.77489776e-01 1.31108391e+06 nan nan nan nan
